214 -0.385 2.71 3.334 0 180 0 
213 -0.385 2.71 3.334 0 0 0
102 0.411 2.71 5.339 0 180 0
103 0.411 2.71 5.339 0 0 0
218 -1.004 2.71 7.431 0 180 0
217 -1.004 2.71 7.431 0 0 0
220 0.391 2.71 9.443 0 180 0
219 0.391 2.71 9.443 0 0 0 
154 -0.403 2.71 11.436 0 180 0
155 -0.403 2.71 11.436 0 0 0
100 0.901 2.71 13.447 0 180 0
101 0.901 2.71 13.447 0 0 0
153 -0.421 2.71 15.439 0 180 0
152 -0.421 2.71 15.439 0 0 0
267 0.392 2.71 17.347 0 180 0
266 0.392 2.71 17.347 0 0 0
173 0.539 2.5 19.971 0 180 0
177 -8.869 2.71 3.315 0 0 0
178 -8.869 2.71 3.315 0 180 0
263 -8.119 2.71 5.302 0 0 0
264 -8.119 2.71 5.302 0 180 0
124 -9.228 2.71 7.316 0 0 0
125 -9.228 2.71 7.316 0 180 0
175 -7.815 2.71 9.305 0 0 0
176 -7.815 2.71 9.305 0 180 0
269 -9.324 2.71 11.325 0 0 0 
268 -9.324 2.71 11.325 0 180 0
123 -7.705 2.71 13.210 0 0 0
122 -7.705 2.71 13.210 0 180 0
270 -8.922 2.71 15.223 0 0 0
271 -8.922 2.71 15.223 0 180 0
158 -8.109 2.71 17.218 0 0 0
159 -8.109 2.71 17.218 0 180 0
273 -9.53 2.71 19.223 0 0 0
272 -9.53 2.71 19.223 0 180 0
131 -8.1 2.71 20.218 0 0 0
130 -8.1 2.71 20.218 0 180 0
253 12.928 2.23 23.167 0 180 0
255 13.028 2.29 20.167 0 0 0 
108 10.906 2.71 22.268 0 -90 0
109 10.906 2.71 22.268 0 90 0 
274 8.904 2.71 20.86 0 -90 0
275 8.904 2.71 20.86 0 90 0 
200 6.896 2.71 22.283 0 -90 0
199 6.896 2.71 22.283 0 90 0
278 4.897 2.71 21.179 0 -90 0
279 4.897 2.71 21.179 0 90 0 
197 2.994 2.71 22.687 0 -90 0
198 2.994 2.71 22.687 0 90 0
110 -0.009 2.71 28.686 0 180 0
111 -0.009 2.71 28.686 0 0 0 
239 -1.202 2.318 27.255 0 90 0
107 -0.709 2.71 25.188 0 180 0
106 -0.709 2.71 25.188 0 0 0
237 -1.196 2.23 24.445 0 90 0 
238 1.438 2.5 25.779 0 -90 0
104 -0.002 2.71 23.175 0 180 0
105 -0.002 2.71 23.175 0 0 0
282 -1.007 2.71 21.074 0 -90 0
283 -1.007 2.71 21.074 0 90 0
281 0.993 2.71 21.972 0 -90 0
280 0.993 2.71 21.972 0 90 0   
174 -2.133 1.86 23.167 0 180 0
277 -3.114 2.71 22.68 0 90 0
276 -3.114 2.71 22.68 0 -90 0 
156 -5.102 2.71 21.09 0 90 0 
157 -5.102 2.71 21.09 0 -90 0
121 -7.002 2.71 22.312 0 -90 0
120 -7.002 2.71 22.312 0 90 0 
168 -10.002 2.5 21.735 0 90 0
162 -8.517 2.52 23.216 0 180 0
163 -8.517 2.52 23.216 0 0 0
118 -7.502 2.71 26.015 0 180 0
119 -7.502 2.71 26.015 0 0 0
164 -8.473 2.48 28.674 0 180 0
165 -8.473 2.48 28.674 0 0 0
201 9.891 2.71 29.796 0 -90 0
202 9.891 2.71 29.796 0 90 0 
284 7.9 2.71 31.208 0 -90 0 
285 7.9 2.71 31.208 0 90 0
115 5.893 2.71 29.808 0 -90 0
114 5.893 2.71 29.808 0 90 0
195 3.595 2.71 29.8 0 -90 0
196 3.595 2.71 29.8 0 90 0 
287 1.599 2.71 30.911 0 -90 0
286 1.599 2.71 30.911 0 90 0
234 -2.047 2.28 31.657 0 180 0
289 -2.315 2.71 30.907 0 90 0
288 -2.315 2.71 30.907 0 -90 0
203 -4.312 2.71 29.406 0 90 0
204 -4.312 2.71 29.406 0 -90 0
117 -7.015 2.71 30.609 0 90 0
116 -7.015 2.71 30.609 0 -90 0
166 -10.011 2.31 30.249 0 90 0
235 -10.003 2.11 25.905 0 90 0
161 -0.038 2.4 20.206 0 0 0
172 -10.282 2.37 30.139 0 -90 0
167 -10.282 2.38 21.735 0 -90 0
291 -12.828 2.71 22.217 0 90 0
290 -12.828 2.71 22.217 0 -90 0 
133 -14.831 2.71 21.194 0 90 0
132 -14.831 2.71 21.194 0 -90 0
293 -16.624 2.71 22.806 0 90 0
292 -16.624 2.71 22.806 0 -90 0
179 -18.936 2.71 20.885 0 90 0
180 -18.936 2.71 20.885 0 -90 0
297 -20.933 2.71 22.298 0 90 0
296 -20.933 2.71 22.298 0 -90 0
134 -22.941 2.71 20.783 0 90 0
135 -22.941 2.71 20.783 0 -90 0
294 -24.938 2.71 22.293 0 90 0 
295 -24.938 2.71 22.293 0 -90 0
181 -26.840 2.71 21.999 0 90 0
182 -26.840 2.71 21.999 0 -90 0
299 -29.038 2.71 22.594 0 90 0
298 -29.038 2.71 22.594 0 -90 0
184 -31.238 2.71 21.276 0 90 0 
183 -31.238 2.71 21.276 0 -90 0
302 -33.336 2.71 22.695 0 90 0
301 -33.336 2.71 22.695 0 -90 0
136 -35.541 2.71 21.07 0 90 0
137 -35.541 2.71 21.07 0 -90 0
304 -37.744 2.71 22.378 0 90 0
303 -37.744 2.71 22.378 0 -90 0
185 -39.744 2.71 20.778 0 90 0
186 -39.744 2.71 20.778 0 -90 0
305 -41.945 2.71 21.284 0 90 0
306 -41.945 2.71 21.284 0 -90 0
169 -43.810 2.3 21.597 0 90 0
236 -12.172 2.71 31.083 0 90 0
300 -12.172 2.71 31.083 0 -90 0
187 -14.272 2.71 29.667 0 90 0
188 -14.272 2.71 29.667 0 -90 0
307 -16.576 2.71 29.471 0 90 0
308 -16.576 2.71 29.471 0 -90 0
126 -18.868 2.71 30.576 0 90 0
127 -18.868 2.71 30.576 0 -90 0
310 -20.971 2.71 30.785 0 90 0
309 -20.971 2.71 30.785 0 -90 0
189 -22.981 2.71 29.086 0 90 0
190 -22.981 2.71 29.086 0 -90 0 
312 -24.972 2.71 30.795 0 90 0
311 -24.972 2.71 30.795 0 -90 0
128 -26.986 2.71 29.487 0 90 0
129 -26.986 2.71 29.487 0 -90 0
313 -28.969 2.71 31.008 0 90 0
314 -28.969 2.71 31.008 0 -90 0
191 -30.984 2.71 29.498 0 90 0
192 -30.984 2.71 29.498 0 -90 0
315 -32.973 2.71 30.607 0 -90 0
316 -32.973 2.71 30.607 0 90 0
142 -35.093 2.71 29.204 0 90 0
143 -35.093 2.71 29.204 0 -90 0
317 -37.172 2.71 30.709 0 90 0
318 -37.172 2.71 30.709 0 -90 0
144 -39.583 2.71 30.617 0 90 0
145 -39.583 2.71 30.617 0 -90 0
319 -41.586 2.71 29.403 0 90 0
320 -41.586 2.71 29.403 0 -90 0
193 -43.787 2.71 30.221 0 90 0
194 -43.787 2.71 30.221 0 -90 0
112 -0.309 2.71 30.029 0 -90 0
113 -0.309 2.71 30.029 0 90 0
229 -47.969 2.07 28.834 0 90 0
141 -45.518 2.71 27.038 0 0 0
140 -45.518 2.71 27.038 0 180 0
324 -46.732 2.71 25.046 0 0 0
323 -46.732 2.71 25.046 0 180 0
212 -46.023 2.71 23.043 0 0 0
211 -46.023 2.71 23.043 0 180 0
322 -45.629 2.71 20.139 0 0 0
321 -45.629 2.71 20.139 0 180 0
170 -44.057 2.24 21.663 0 -90 0
228 -48.002 2.2 23.551 0 90 0
230 -46.048 2.3 31.781 0 180 0
231 -46.048 2.3 31.781 0 0 0
328 -45.448 2.71 35.564 0 180 0
327 -45.448 2.71 35.564 0 0 0
233 -44.129 2.1 35.652 0 -90 0
232 -45.409 2.0 38.086 0 180 0
325 -47.065 2.71 33.761 0 180 0
326 -47.065 2.71 33.761 0 0 0
205 -46.01 2.71 28.746 0 0 0
206 -46.01 2.71 28.746 0 180 0
147 -47.954 2.71 37.764 0 90 0
146 -47.954 2.71 37.764 0 -90 0
329 -50.068 2.71 36.68 0 90 0
330 -50.068 2.71 36.68 0 -90 0
208 -52.168 2.71 37.788 0 90 0
207 -52.168 2.71 37.788 0 -90 0
338 -54.981 2.71 38.191 0 90 0
331 -54.981 2.71 38.191 0 -90 0
149 -57.336 2.71 37.792 0 90 0
148 -57.336 2.71 37.792 0 -90 0
332 -59.686 2.71 37.895 0 90 0
333 -59.686 2.71 37.895 0 -90 0
209 -61.580 2.71 36.699 0 90 0
210 -61.580 2.71 36.699 0 -90 0
334 -63.595 2.71 37.407 0 90 0
335 -63.595 2.71 37.407 0 -90 0
150 -65.802 2.71 37.807 0 90 0
151 -65.802 2.71 37.807 0 -90 0
336 -68.407 2.71 38.117 0 90 0
337 -68.407 2.71 38.117 0 -90 0
449 -0.623 7.21 1.448 0 180 0
448 -0.623 7.21 1.448 0 0 0
451 0.79 7.21 3.653 0 180 0
450 0.79 7.21 3.653 0 0 0
452 -0.719 7.21 5.443 0 180 0
453 -0.719 7.21 5.443 0 0 0
455 0.681 7.21 7.253 0 180 0
454 0.681 7.21 7.253 0 0 0
457 -0.830 7.21 9.038 0 180 0
456 -0.830 7.21 9.038 0 0 0
459 0.682 7.21 10.962 0 180 0
458 0.682 7.21 10.962 0 0 0
460 -0.828 7.21 13.044 0 180 0
461 -0.828 7.21 13.044 0 0 0
462 0.671 7.21 15.061 0 180 0
463 0.671 7.21 15.061 0 0 0
465 -0.737 7.21 17.243 0 180 0
464 -0.737 7.21 17.243 0 0 0
559 0.423 6.91 19.952 0 180 0
436 12.794 7.21 22.456 0 -90 0
437 12.794 7.21 22.456 0 90 0
438 10.994 7.21 21.15 0 -90 0
439 10.994 7.21 21.15 0 90 0
440 8.789 7.21 22.248 0 -90 0
441 8.789 7.21 22.248 0 90 0
442 6.684 7.21 20.838 0 -90 0
443 6.684 7.21 20.838 0 90 0
445 4.684 7.21 22.444 0 -90 0
444 4.684 7.21 22.444 0 90 0
447 2.587 7.21 20.638 0 -90 0
446 2.587 7.21 20.638 0 90 0
514 0.11 7.21 29.642 0 180 0
515 0.11 7.21 29.642 0 0 0
517 -0.745 7.21 27.838 0 180 0
516 -0.745 7.21 27.838 0 0 0
562 -1.195 6.83 27.271 0 90 0
563 1.434 6.85 27.181 0 -90 0
513 0.680 7.21 25.843 0 180 0
512 0.680 7.21 25.843 0 0 0
561 -1.174 6.82 24.415 0 90 0
469 -0.225 7.21 23.431 0 180 0
468 -0.225 7.21 23.431 0 0 0
560 -2.024 6.21 23.123 0 180 0
565 -10.0 6.98 21.589 0 90 0
482 -8.525 7.21 21.038 0 90 0
483 -8.525 7.21 21.038 0 -90 0
479 -6.72 7.21 22.523 0 90 0
478 -6.72 7.21 22.523 0 -90 0
477 -5.208 7.21 21.227 0 90 0
476 -5.208 7.21 21.227 0 -90 0
474 -3.616 7.21 22.639 0 90 0
475 -3.616 7.21 22.639 0 -90 0
556 0.282 6.66 20.215 0 0 0
466 0.025 7.21 21.825 0 0 0
467 0.025 7.21 21.825 0 180 0
500 11.883 7.21 30.789 0 -90 0
501 11.883 7.21 30.789 0 90 0
503 9.776 7.21 30.182 0 -90 0
502 9.776 7.21 30.182 0 90 0
509 7.583 7.21 30.777 0 -90 0
508 7.583 7.21 30.777 0 90 0
504 5.374 7.21 29.660 0 -90 0
505 5.374 7.21 29.660 0 90 0
507 3.388 7.21 30.966 0 -90 0
506 3.388 7.21 30.966 0 90 0
510 1.477 7.21 30.854 0 -90 0
511 1.477 7.21 30.854 0 90 0
557 -9.999 6.86 30.280 0 90 0
527 -8.326 7.21 30.74 0 90 0 
526 -8.326 7.21 30.74 0 -90 0 
524 -6.423 7.21 29.622 0 90 0
525 -6.423 7.21 29.622 0 -90 0
522 -4.616 7.21 30.631 0 90 0
523 -4.616 7.21 30.631 0 -90 0
520 -2.730 7.21 29.233 0 90 0
521 -2.730 7.21 29.233 0 -90 0
564 -2.449 6.81 31.637 0 180 0
519 -0.722 7.21 30.747 0 -90 0
518 -0.722 7.21 30.747 0 90 0
554 -41.301 7.21 29.585 0 90 0
555 -41.301 7.21 29.585 0 -90 0
552 -38.901 7.21 30.885 0 90 0
553 -38.901 7.21 30.885 0 -90 0
550 -36.703 7.21 29.386 0 90 0
551 -36.703 7.21 29.386 0 -90 0
549 -34.498 7.21 30.782 0 90 0
548 -34.498 7.21 30.782 0 -90 0
547 -32.502 7.21 29.585 0 90 0
546 -32.502 7.21 29.585 0 -90 0
545 -30.307 7.21 29.366 0 90 0
544 -30.307 7.21 29.366 0 -90 0
542 -27.901 7.21 30.673 0 90 0
543 -27.901 7.21 30.673 0 -90 0
541 -25.398 7.21 29.383 0 90 0
540 -25.398 7.21 29.383 0 -90 0
538 -23.192 7.21 30.681 0 90 0
539 -23.192 7.21 30.681 0 -90 0
536 -20.793 7.21 29.680 0 90 0
537 -20.793 7.21 29.680 0 -90 0
535 -18.589 7.21 30.985 0 90 0
534 -18.589 7.21 30.985 0 -90 0
532 -16.595 7.21 29.682 0 90 0
533 -16.595 7.21 29.682 0 -90 0
530 -14.593 7.21 30.671 0 90 0
531 -14.593 7.21 30.671 0 -90 0
528 -12.494 7.21 29.469 0 90 0
529 -12.494 7.21 29.469 0 -90 0
566 -8.420 6.93 28.658 0 0 0
567 -8.420 6.93 28.658 0 180 0
568 -8.495 6.93 23.162 0 0 0
569 -8.495 6.93 23.162 0 180 0
490 -7.924 7.21 2.612 0 0 0
491 -7.924 7.21 2.612 0 180 0
489 -9.327 7.21 4.937 0 0 0
488 -9.327 7.21 4.937 0 180 0
486 -7.724 7.21 7.021 0 0 0
487 -7.724 7.21 7.021 0 180 0
484 -9.220 7.21 9.329 0 0 0
485 -9.220 7.21 9.329 0 180 0
434 -7.824 7.21 11.223 0 0 0
435 -7.824 7.21 11.223 0 180 0
432 -9.121 7.21 13.53 0 0 0
433 -9.121 7.21 13.53 0 180 0
430 -7.719 7.21 15.821 0 0 0
431 -7.719 7.21 15.821 0 180 0
429 -9.114 7.21 17.933 0 0 0
428 -9.114 7.21 17.933 0 180 0
427 -7.714 7.21 20.024 0 0 0
426 -7.714 7.21 20.024 0 180 0
470 0.582 7.21 22.435 0 -90 0
471 0.582 7.21 22.435 0 90 0
472 -1.51 7.21 21.534 0 -90 0
473 -1.51 7.21 21.534 0 90 0
492 -10.127 7.21 11.834 0 90 0
493 -10.127 7.21 11.834 0 -90 0
494 -12.344 7.21 12.634 0 90 0
495 -12.344 7.21 12.634 0 -90 0
499 -14.960 7.21 12.433 0 90 0
496 -14.960 7.21 12.433 0 -90 0
498 -17.154 7.21 12.342 0 90 0
497 -17.154 7.21 12.342 0 -90 0
601 -19.464 7.21 12.332 0 90 0
602 -19.464 7.21 12.332 0 -90 0
624 -21.262 7.21 11.127 0 90 0
625 -21.262 7.21 11.127 0 -90 0
638 -23.354 6.957 12.035 0 90 0
612 -43.795 6.896 21.608 0 90 0
424 -41.783 7.21 20.905 0 90 0
425 -41.783 7.21 20.905 0 -90 0
422 -40.199 7.21 22.413 0 90 0
423 -40.199 7.21 22.413 0 -90 0
420 -37.791 7.21 20.811 0 90 0
421 -37.791 7.21 20.811 0 -90 0
418 -35.397 7.21 22.416 0 90 0
419 -35.397 7.21 22.416 0 -90 0
416 -33.084 7.21 20.833 0 90 0
417 -33.084 7.21 20.833 0 -90 0
414 -30.495 7.21 22.236 0 90 0
415 -30.495 7.21 22.236 0 -90 0
413 -27.988 7.21 20.834 0 90 0
412 -27.988 7.21 20.834 0 -90 0
410 -25.395 7.21 22.248 0 90 0
411 -25.395 7.21 22.248 0 -90 0
408 -22.584 7.21 20.840 0 90 0
409 -22.584 7.21 20.840 0 -90 0
406 -19.998 7.21 22.350 0 90 0
407 -19.998 7.21 22.350 0 -90 0
405 -17.283 7.21 20.643 0 90 0
404 -17.283 7.21 20.643 0 -90 0
402 -14.981 7.21 22.354 0 90 0
403 -14.981 7.21 22.354 0 -90 0
400 -12.680 7.21 21.061 0 90 0
401 -12.680 7.21 21.061 0 -90 0
611 -10.220 6.883 21.588 0 -90 0
615 -10.246 6.888 30.134 0 -90 0
570 -43.514 7.21 29.583 0 -90 0
558 -43.514 7.21 29.583 0 90 0
613 -44.039 6.920 21.780 0 -90 0
577 -45.684 7.21 23.038 0 0 0 
576 -45.684 7.21 23.038 0 180 0
575 -46.802 7.21 24.738 0 0 0
574 -46.802 7.21 24.738 0 180 0
579 -46.512 7.21 26.737 0 0 0
573 -46.512 7.21 26.737 0 180 0
614 -47.965 6.566 29.458 0 90 0
616 -46.050 6.789 31.778 0 180 0
617 -46.050 6.789 31.778 0 0 0
586 -46.723 7.21 35.363 0 180 0
585 -46.723 7.21 35.363 0 0 0
571 -46.718 7.21 28.524 0 0 0
572 -46.718 7.21 28.524 0 180 0
609 -32.743 7.21 36.854 0 -90 0
610 -32.743 7.21 36.854 0 90 0
605 -34.435 7.21 36.953 0 -90 0
608 -34.435 7.21 36.953 0 90 0
603 -36.146 7.21 38.079 0 -90 0
604 -36.146 7.21 38.079 0 90 0
599 -38.241 7.21 37.969 0 -90 0
600 -38.241 7.21 37.969 0 90 0
597 -40.141 7.21 36.858 0 -90 0
598 -40.141 7.21 36.858 0 90 0
595 -42.341 7.21 36.865 0 -90 0
596 -42.341 7.21 36.865 0 90 0
581 -44.244 7.21 37.469 0 -90 0
582 -44.244 7.21 37.469 0 90 0
584 -46.348 7.21 37.759 0 -90 0
583 -46.348 7.21 37.759 0 90 0
578 -45.223 7.21 33.960 0 0 0
580 -45.223 7.21 33.960 0 180 0
606 -50.207 6.922 36.677 0 90 0
587 -48.639 7.21 37.473 0 -90 0
588 -48.639 7.21 37.473 0 90 0
607 -50.452 6.923 36.703 0 -90 0
590 -52.089 7.21 37.681 0 90 0
589 -52.089 7.21 37.681 0 -90 0
592 -53.894 7.21 37.373 0 90 0
591 -53.894 7.21 37.373 0 -90 0
594 -55.590 7.21 37.358 0 90 0
593 -55.590 7.21 37.358 0 -90 0
641 -63.477 6.96 37.787 0 90 0
639 -57.190 6.967 37.004 0 90 0
640 -57.424 6.993 37.690 0 -90 0
619 -59.392 7.21 37.253 0 -90 0
618 -59.392 7.21 37.253 0 90 0
621 -61.087 7.21 38.059 0 -90 0
620 -61.087 7.21 38.059 0 90 0
642 -7.034 6.418 28.149 0 -90 0
634 -7.903 7.21 26.525 0 0 0
635 -7.903 7.21 26.525 0 180 0
632 -7.905 7.21 24.831 0 0 0
633 -7.905 7.21 24.831 0 180 0
628 -8.405 7.21 24.628 0 -90 0
629 -8.405 7.21 24.628 0 90 0
643 -7.046 6.479 23.721 0 -90 0
480 -7.697 7.21 21.526 0 0 0
481 -7.697 7.21 21.526 0 180 0
644 -48.307 5.50 24.057 0 90 0
630 -45.014 7.21 29.583 0 -90 0
631 -45.014 7.21 29.583 0 90 0
636 -7.462 11.71 1.833 0 180 0 153
637 -7.462 11.71 1.833 0 0 0 153
646 -8.085 11.71 3.837 0 180 0 154
645 -8.085 11.71 3.837 0 0 0 154
647 -7.784 11.71 5.376 0 180 0 155
648 -7.784 11.71 5.376 0 0 0 155
650 -7.481 11.71 7.833 0 180 0 156
649 -7.481 11.71 7.833 0 0 0 156
652 -8.277 11.71 9.737 0 180 0 157
651 -8.277 11.71 9.737 0 0 0 157
654 -8.779 11.71 11.540 0 180 0 158
653 -8.779 11.71 11.540 0 0 0 158
656 -7.675 11.71 13.447 0 180 0 159
655 -7.675 11.71 13.447 0 0 0 159
658 -8.883 11.71 15.241 0 180 0 160
657 -8.883 11.71 15.241 0 0 0 160
660 -7.579 11.71 17.148 0 180 0 161
659 -7.579 11.71 17.148 0 0 0 161
662 -9.489 11.71 18.854 0 180 0 162
661 -9.489 11.71 18.854 0 0 0 162
664 -8.379 11.71 21.057 0 180 0 163
663 -8.379 11.71 21.057 0 0 0 163
815 -8.450 11.456 23.026 0 180 0 164
816 -8.103 11.390 -0.802 0 0 0 165
677 -0.961 11.71 22.159 0 -90 0 166
694 -0.961 11.71 22.159 0 90 0 166
678 -2.552 11.71 21.761 0 -90 0 167
679 -2.552 11.71 21.761 0 90 0 167 
680 -4.374 11.71 21.462 0 -90 0 168
681 -4.374 11.71 21.462 0 90 0 168
682 -5.964 11.71 22.358 0 -90 0 169
683 -5.964 11.71 22.358 0 90 0 169
689 -11.473 11.71 20.838 0 90 0 170
688 -11.473 11.71 20.838 0 -90 0 170
691 -13.363 11.71 22.145 0 90 0 171
690 -13.363 11.71 22.145 0 -90 0 171
692 -15.374 11.71 21.646 0 90 0 172
693 -15.374 11.71 21.646 0 -90 0 172
696 -17.384 11.71 20.744 0 90 0 173
695 -17.384 11.71 20.744 0 -90 0 173
697 -19.372 11.71 22.239 0 90 0 174
698 -19.372 11.71 22.239 0 -90 0 174
699 -21.273 11.71 21.038 0 90 0 175
700 -21.273 11.71 21.038 0 -90 0 175
701 -23.476 11.71 22.244 0 90 0 176
702 -23.476 11.71 22.244 0 -90 0 176
703 -25.673 11.71 21.640 0 90 0 177
704 -25.673 11.71 21.640 0 -90 0 177
705 -27.481 11.71 22.233 0 90 0 178
706 -27.481 11.71 22.233 0 -90 0 178
707 -28.882 11.71 20.836 0 90 0 179
708 -28.882 11.71 20.836 0 -90 0 179
814 -30.481 11.349 21.440 0 90 0 180
835 -8.677 11.304 31.540 0 180 0 181
831 -8.298 11.49 28.333 0 180 0 182
832 -7.031 11.229 27.994 0 -90 0 183
823 -7.699 11.71 26.733 0 180 0 184
824 -7.699 11.71 26.733 0 0 0 184
821 -9.010 11.71 25.028 0 180 0 185
822 -9.010 11.71 25.028 0 0 0 185
684 -7.763 11.71 22.028 0 -90 0 186
685 -7.763 11.71 22.028 0 90 0 186
686 -9.679 11.71 21.231 0 -90 0 187
687 -9.679 11.71 21.231 0 90 0 187
721 -44.258 11.71 21.340 0 90 0 188
722 -44.258 11.71 21.340 0 -90 0 188
719 -42.457 11.71 21.136 0 90 0 189
720 -42.457 11.71 21.136 0 -90 0 189
717 -40.446 11.71 22.239 0 90 0 190
718 -40.446 11.71 22.239 0 -90 0 190
715 -38.457 11.71 20.942 0 90 0 191
716 -38.457 11.71 20.942 0 -90 0 191
713 -36.454 11.71 22.064 0 90 0 192
714 -36.454 11.71 22.064 0 -90 0 192
711 -34.659 11.71 20.958 0 90 0 193
712 -34.659 11.71 20.958 0 -90 0 193
709 -32.647 11.71 22.154 0 90 0 194
710 -32.647 11.71 22.154 0 -90 0 194
813 -30.774 11.388 21.535 0 -90 0 195
723 -45.655 11.71 23.052 0 180 0 196
724 -45.655 11.71 23.052 0 0 0 196
725 -46.851 11.71 24.850 0 180 0 197
726 -46.851 11.71 24.850 0 0 0 197
812 -47.973 11.212 24.391 0 90 0 198
727 -46.339 11.71 27.052 0 180 0 199
728 -46.339 11.71 27.052 0 0 0 199
811 -47.976 11.228 27.334 0 90 0 200
729 -46.743 11.71 28.959 0 180 0 201
730 -46.743 11.71 28.959 0 0 0 201
809 -44.043 11.44 30.094 0 -90 0 202
733 -46.452 11.71 31.467 0 180 0 203
734 -46.452 11.71 31.467 0 0 0 203
740 -47.735 11.71 30.972 0 90 0 204
739 -47.735 11.71 30.972 0 -90 0 204
735 -45.653 11.71 33.760 0 180 0 205
736 -45.653 11.71 33.760 0 0 0 205
737 -46.452 11.71 36.067 0 180 0 206
738 -46.452 11.71 36.067 0 0 0 206
810 -46.299 11.279 38.719 0 180 0 207
731 -45.851 11.71 30.047 0 -90 0 208
732 -45.851 11.71 30.047 0 90 0 208
742 -49.850 11.71 29.954 0 -90 0 209
741 -49.850 11.71 29.954 0 90 0 209
744 -51.845 11.71 31.045 0 -90 0 210
743 -51.845 11.71 31.045 0 90 0 210
746 -53.954 11.71 30.131 0 -90 0 211
745 -53.954 11.71 30.131 0 90 0 211
747 -55.858 11.71 32.322 0 180 0 212
748 -55.858 11.71 32.322 0 0 0 212
749 -54.561 11.71 34.130 0 180 0 213 
750 -54.561 11.71 34.130 0 0 0 213 
793 -55.241 11.71 36.018 0 180 0 214
794 -55.241 11.71 36.018 0 0 0 214
795 -57.046 11.71 37.787 0 -90 0 216
796 -57.046 11.71 37.787 0 90 0 216
808 -55.467 11.213 29.571 0 0 0 217
797 -59.159 11.71 36.823 0 90 0 218
798 -59.159 11.71 36.823 0 -90 0 218
799 -61.150 11.71 37.728 0 90 0 219
800 -61.150 11.71 37.728 0 -90 0 219
801 -63.061 11.71 36.714 0 90 0 220
841 -63.061 11.71 36.714 0 -90 0 220
803 -64.946 11.71 37.923 0 90 0 221
802 -64.946 11.71 37.923 0 -90 0 221
806 -67.817 10.892 36.281 0 90 0 222
805 -68.656 11.71 37.804 0 90 0 223
804 -68.656 11.71 37.804 0 -90 0 223
837 -1.736 11.420 30.047 0 -90 0 224
752 -3.051 11.71 29.312 0 -90 0 225
751 -3.051 11.71 29.312 0 90 0 225
754 -5.044 11.71 30.525 0 -90 0 226
753 -5.044 11.71 30.525 0 90 0 226
756 -7.057 11.71 29.508 0 -90 0 227
755 -7.057 11.71 29.508 0 90 0 227
758 -9.145 11.71 30.713 0 -90 0 228
757 -9.145 11.71 30.713 0 90 0 228
760 -11.158 11.71 29.620 0 -90 0 229
759 -11.158 11.71 29.620 0 90 0 229
762 -13.140 11.71 30.621 0 -90 0 230
761 -13.140 11.71 30.621 0 90 0 230
764 -14.864 11.71 29.216 0 -90 0 231
763 -14.864 11.71 29.216 0 90 0 231
765 -16.952 11.71 30.398 0 -90 0 232
766 -16.952 11.71 30.398 0 90 0 232
768 -18.864 11.71 29.387 0 -90 0 233
767 -18.864 11.71 29.387 0 90 0 233
770 -20.848 11.71 30.898 0 -90 0 234
769 -20.848 11.71 30.898 0 90 0 234
772 -22.966 11.71 29.390 0 -90 0 235
771 -22.966 11.71 29.390 0 90 0 235
774 -24.957 11.71 30.593 0 -90 0 236
773 -24.957 11.71 30.593 0 90 0 236
776 -27.060 11.71 29.383 0 -90 0 237
775 -27.060 11.71 29.383 0 90 0 237
778 -28.859 11.71 30.486 0 -90 0 238
777 -28.859 11.71 30.486 0 90 0 238
779 -30.861 11.71 29.562 0 -90 0 239
780 -30.861 11.71 29.562 0 90 0 239
782 -32.858 11.71 30.767 0 -90 0 240
781 -32.858 11.71 30.767 0 90 0 240
784 -34.668 11.71 29.562 0 -90 0 241
783 -34.668 11.71 29.562 0 90 0 241
785 -36.564 11.71 30.748 0 -90 0 242
786 -36.564 11.71 30.748 0 90 0 242
788 -38.461 11.71 29.038 0 -90 0 243
787 -38.461 11.71 29.038 0 90 0 243
790 -40.266 11.71 30.140 0 -90 0 244
789 -40.266 11.71 30.140 0 90 0 244
834 -8.326 11.411 23.269 0 0 0 245
833 -7.005 11.149 23.591 0 -90 0 246
791 -42.065 11.71 30.519 0 90 0 247
792 -42.065 11.71 30.519 0 -90 0 247
840 -43.815 11.423 30.441 0 90 0 248
818 6.241 11.339 30.174 0 -90 0 249
836 -8.319 11.151 28.612 0 0 0 250
819 -1.500 11.395 30.098 0 90 0 251
838 0.286 11.33 31.559 0 180 0 252
668 2.093 11.71 30.683 0 -90 0 253
667 2.093 11.71 30.683 0 90 0 253
666 3.868 11.71 29.564 0 -90 0 254
665 3.868 11.71 29.564 0 90 0 254
672 0.790 11.71 27.982 0 0 0 255
671 0.790 11.71 27.982 0 180 0 255
674 0.026 11.71 26.282 0 0 0 256
673 0.026 11.71 26.282 0 180 0 256
676 0.670 11.71 24.083 0 0 0 257
675 0.670 11.71 24.083 0 180 0 257
817 1.327 11.394 22.088 0 0 0 258
839 -1.126 11.319 28.365 0 90 0 259
669 0.492 11.71 29.990 0 90 0 260
670 0.492 11.71 29.990 0 -90 0 260
856 -43.239 -1 26.552 0 0 0
857 -43.239 -1 23.905 0 0 0
855 -10.81 -1 25.116 0 180 0
854 -10.81 -1 27.718 0 180 0
843 -6.693 10.684 27.830 0 180 0 261
845 -6.321 10.210 27.957 0 90 0 262
842 -4.301 9.599 28.084 0 180 0 263
844 -2.059 8.866 26.027 0 -90 0 264
846 -4.398 7.773 23.783 0 0 0 265
847 -6.417 6.655 23.783 0 0 0 266
848 -6.672 6.192 27.893 0 180 0 267
849 -4.301 5.012 28.030 0 180 0 268
851 -2.058 4.455 26.066 0 -90 0 269
850 -6.294 5.911 28.033 0 90 0 270
852 -4.368 3.314 23.777 0 0 0 271
853 -6.539 2.111 23.877 0 0 0 272
622 -8.117 2.71 24.616 0 -90 0 273
623 -8.117 2.71 24.616 0 90 0 273
626 -8.117 2.71 27.216 0 -90 0 274
627 -8.117 2.71 27.216 0 90 0 274
