264 -1.582 2.48 12.949 0 -90 0
263 1.418 2.44 8.99 0 -90 0
265 1.418 2.46 15.89 0 90 0
250 1.107 2.71 2.1 0 90 0
252 -1.582 2.48 1.62 0 -90 0
213 -1.573 2.71 3.8 0 0 0 
214 -0.573 2.71 3.8 0 180 0
102 1.409 2.71 7.25 0 180 0
103 1.409 2.71 7.25 0 0 0
154 -1.578 2.71 11.12 0 180 0
155 -1.578 2.71 11.12 0 0 0
100 0.967 2.71 14.4 0 180 0
101 0.967 2.71 14.4 0 0 0
152 -0.512 2.71 17.43 0 180 0
153 -0.512 2.71 17.43 0 0 0
236 1.417 2.71 18.87 0 -90 0
173 0.598 2.71 20.7 0 180 0
259 -7.082 2.26 2.27 0 -90 0
178 -9.012 2.71 4 0 180 0
177 -9.012 2.71 4 0 0 0
124 -8.133 2.71 7.39 0 180 0
125 -8.133 2.71 7.39 0 0 0
176 -9.012 2.71 10.92 0 180 0
175 -9.012 2.71 10.92 0 0 0
122 -7.743 2.71 14 0 180 0
123 -7.743 2.71 14 0 0 0
159 -9.012 2.71 17.225 0 180 0
158 -9.012 2.71 17.225 0 0 0
130 -8.152 2.71 20.9 0 180 0
131 -8.152 2.71 20.9 0 0 0
258 -10.082 2.29 1.475 0 90 0
255 13.228 2.29 20.9 0 0 0
253 13.128 2.23 23.9 0 180 0  
108 10.778 2.71 23.01 0 -90 0
109 10.778 2.71 23.01 0 90 0
199 7.188 2.71 21.74 0 90 0
200 7.188 2.71 21.74 0 -90 0
197 3.278 2.71 22.99 0 -90 0
198 3.278 2.71 22.99 0 90 0
161 -0.172 2.71 20.9 0 0 0
257 14.118 2.21 29.4 0 0 0
256 14.078 2.26 32.4 0 180 0
201 10.657 2.71 30.489 0 -90 0
202 10.657 2.71 30.489 0 90 0
114 6.077 2.71 31.52 0 90 0
115 6.077 2.71 31.52 0 -90 0
195 3.475 2.71 30.51 0 -90 0
196 3.475 2.71 30.51 0 90 0
110 -0.052 2.71 29.4 0 180 0
111 -0.052 2.71 29.4 0 0 0
239 -1.232 2.55 27.979 0 90 0
238 1.418 2.59 26.31 0 -90 0
237 -1.232 2.55 25.81 0 90 0
104 -0.043 2.71 23.889 0 180 0
105 -0.043 2.71 29.889 0 0 0
106 -0.3329 2.71 23.009 0 -90 0
107 -0.3329 2.71 23.009 0 90 0
174 -2.192 2.06 23.9 0 180 0 
157 -3.932 2.71 21.77 0 -90 0
156 -3.932 2.71 21.77 0 90 0
121 -7.082 2.71 23.049 0 -90 0
120 -7.082 2.71 23.049 0 90 0
168 -10.082 2.5 22.415 0 90 0
162 -8.542 2.52 23.899 0 180 0
163 -8.542 2.52 23.899 0 0 0
118 -7.472 2.71 26.755 0 180 0
119 -7.472 2.71 26.755 0 0 0
235 -10.082 2.31 26.339 0 90 0
164 -8.522 2.5 29.399 0 180 0
165 -8.522 2.5 29.399 0 0 0
166 -10.082 2.47 31 0 90 0
116 -7.082 2.71 31.35 0 -90 0
117 -7.082 2.71 31.35 0 90 0
203 -3.732 2.71 29.889 0 90 0
204 -3.732 2.71 29.889 0 -90 0
234 -2.062 2.48 32.399 0 180 0
167 -10.282 2.48 22.37 0 -90 0
132 -14.422 2.71 22.81 0 90 0
133 -14.422 2.71 22.81 0 -90 0
179 -18.404 2.71 20.9 0 90 0
180 -18.404 2.71 20.9 0 -90 0
134 -22.833 2.71 20.9 0 90 0
135 -22.833 2.71 20.9 0 -90 0
181 -26.843 2.71 22.729 0 90 0
182 -26.843 2.71 22.729 0 -90 0
183 -31.28 2.71 21.96 0 90 0
184 -31.28 2.71 21.96 0 -90 0 
136 -35.63 2.71 22.829 0 90 0
137 -35.63 2.71 22.829 0 -90 0
185 -39.83 2.71 21.47 0 90 0
186 -39.83 2.71 21.47 0 -90 0
169 -43.882 2.48 22.339 0 90 0
193 -43.212 2.71 30.099 0 -90 0
194 -43.212 2.71 30.099 0 90 0
144 -39.542 2.71 31.359 0 90 0
145 -39.542 2.71 31.359 0 -90 0
143 -34.559 2.71 31.94 0 -90 0
142 -34.559 2.71 31.94 0 90 0
192 -30.253 2.71 20.489 0 -90 0 
191 -30.253 2.71 20.489 0 90 0
129 -26.497 2.71 31.359 0 -90 0
128 -26.497 2.71 31.359 0 90 0
190 -23.132 2.71 30.489 0 -90 0
189 -23.132 2.71 30.489 0 90 0
126 -18.767 2.71 31.349 0 -90 0
127 -18.767 2.71 31.349 0 90 0
187 -14.322 2.71 30.359 0 -90 0
188 -14.322 2.71 30.359 0 90 0
172 -10.282 2.47 30.889 0 -90 0
260 -11.392 2.42 35.899 0 180 0
171 -50.282 2.07 22.669 0 90 0
211 -46.122 2.71 23.889 0 180 0
212 -46.122 2.71 23.889 0 0 0 
228 -48.082 2.4 24.359 0 90 0 
140 -46.122 2.71 26.649 0 180 0
141 -46.122 2.71 26.649 0 0 0
205 -46.122 2.71 29.399 0 0 0
206 -46.122 2.71 29.399 0 180 0
230 -46.182 2.43 32.399 0 180 0
231 -46.182 2.43 32.399 0 0 0 
233 -44.182 2.34 36.639 0 -90 0
232 -45.472 2.28 39.1 0 180 0 
146 -48.082 2.71 38.51 0 -90 0
147 -48.082 2.71 38.51 0 90 0 
207 -52.922 2.71 37.399 0 90 0
208 -52.922 2.71 37.399 0 -90 0
148 -57.467 2.71 38.509 0 90 0
149 -57.467 2.71 38.509 0 -90 0
209 -61.702 2.71 37.489 0 90 0
210 -61.702 2.71 37.489 0 -90 0 
150 -65.512 2.71 38.52 0 90 0
151 -65.512 2.71 38.52 0 -90 0
229 -48.082 2.43 29.469 0 90 0             
